126478539
126478359
132458796
132458976
132956748
132956478
134765298
134765928
136279548
136279458
139478526
139478256
148279536
148279356
153942786
153942876
152348796
152348976
152847396
152847936
196458732
196458372
196752438
196752348
214379568
214379658
236179548
236179458
248179536
248179356
286941753
286941573
296351748
296351478
321547896
321547986
324851796
324851976
328651794
328651974
314279568
314279658
352148796
352148976
364958712
364958172
396251748
396251478
392815764
392815674
426178539
426178359
432158796
432158976
439178526
439178256
496158732
496158372
521347896
521347986
531726894
531726984
541927836
541927386
548967132
548967312
512967348
512967438
572839164
572839614
593621784
593621874
628351794
628351974
631925784
631925874
693521784
693521874
728965134
728965314
732859164
732859614
734165298
734165928
731526894
731526984
752849136
752849316
764859132
764859312
714965238
714965328
796152438
796152348
824351796
824351976
832759164
832759614
852749316
852749136
852147396
852147936
864759312
864759132
872539164
872539614
892315764
892315674
928765314
928765134
932156748
932156478
931625784
931625874
948567312
948567132
941527836
941527386
953142786
953142876
964358712
964358172
986241753
986241573
914765328
914765238
912567438
912567348
