123476589
123476859
123576489
123576849
123879546
123879456
124376598
124376958
124378596
124378956
124569783
124569873
124576398
124576938
124768593
124768953
124879365
124879635
125367894
125367984
126475398
126475938
126579834
126579384
126375498
126375948
126378495
126378945
126879534
126879354
127654893
127654983
127965843
127965483
128675439
128675349
128765493
128765943
128374569
128374659
128963754
128963574
129476835
129476385
129675438
129675348
129763854
129763584
129378564
129378654
129374568
129374658
132467589
132467859
132567489
132567849
132658794
132658974
132768459
132768549
132869457
132869547
134275689
134275869
134279865
134279685
134675289
134675829
134758692
134758962
134957682
134957862
134978526
134978256
135678294
135678924
135769482
135769842
135876249
135876429
135879264
135879624
135978246
135978426
136574289
136574829
136274589
136274859
136745892
136745982
136978245
136978425
138462795
138462975
138475296
138475926
138574629
138574269
138954762
138954672
139456782
139456872
139567482
139567842
139574628
139574268
139675428
139675248
139862754
139862574
139276845
139276485
139275846
139275486
143769285
143769825
143852697
143852967
143869725
143869275
143952867
143952687
142359867
142359687
142658739
142658379
142659837
142659387
142759368
142759638
145679823
145679283
145867392
145867932
145876329
145876239
145967382
145967832
145978326
145978236
146358792
146358972
146879523
146879253
146978325
146978235
147369852
147369582
148273569
148273659
148965732
148965372
149273568
149273658
149765832
149765382
149853762
149853672
153649782
153649872
153867249
153867429
154736892
154736982
154867239
154867329
154968237
154968327
152843697
152843967
152943867
152943687
156473289
156473829
156478293
156478923
156273489
156273849
156978234
156978324
158473269
158473629
158263794
158263974
158276394
158276934
158274396
158274936
158674239
158674329
158367492
158367942
158374296
158374926
159473268
159473628
159276834
159276384
159274836
159274386
159278463
159278643
159273468
159273648
159674238
159674328
159864732
159864372
163859427
163859247
163842597
163842957
163942857
163942587
165942783
165942873
162437895
162437985
162548739
162548379
162549837
162549387
162534897
162534987
162349857
162349587
162749538
162749358
167452893
167452983
167543892
167543982
168473529
168473259
168479532
168479352
168573429
168573249
168579432
168579342
168375294
168375924
168374295
168374925
169473528
169473258
169274835
169274385
169375284
169375824
169374825
169374285
173456298
173456928
173256498
173256948
173258496
173258946
173859246
173859426
174352896
174352986
174569283
174569823
174635892
174635982
175364298
175364928
175264398
175264938
175869243
175869423
176534892
176534982
176358492
176358942
176952384
176952834
172435896
172435986
172548369
172548639
172648359
172648539
172834596
172834956
172934586
172934856
178564392
178564932
178354692
178354962
179365842
179365482
183456297
183456927
183457296
183457926
183659724
183659274
183742596
183742956
183942756
183942576
185364297
185364927
185642793
185642973
185267394
185267934
185264397
185264937
187564329
187564239
187643592
187643952
187345692
187345962
187263549
187263459
189473526
189473256
189574236
189574326
189675234
189675324
189763452
189763542
189276543
189276453
189273546
189273456
193547628
193547268
193548726
193548276
193648527
193648257
193248756
193248576
194758326
194758236
194835762
194835672
195346782
195346872
195364827
195364287
195768423
195768243
195267384
195267834
195264837
195264387
196253784
196253874
197564328
197564238
197356482
197356842
197352864
197352684
197854362
197854632
197263548
197263458
198564327
198564237
198652743
198652473
198752463
198752643
198365724
198365274
198364725
198364275
198267543
198267453
198263547
198263457
213479586
213479856
213579486
213579846
214376589
214376859
214576389
214576839
214578396
214578936
214679835
214679385
214756893
214756983
214879536
214879356
215469783
215469873
215476398
215476938
215376498
215376948
215378496
215378946
215867493
215867943
215879346
215879436
216475389
216475839
216478395
216478935
216375489
216375849
216854793
216854973
216879435
216879345
217364895
217364985
218463795
218463975
218475639
218475369
218365794
218365974
218379564
218379654
218965743
218965473
219475638
219475368
219578634
219578364
219678534
219678354
219863754
219863574
219375648
219375468
234175689
234175869
234179865
234179685
234675189
234675819
234861597
234861957
234961857
234961587
234978516
234978156
235461897
235461987
235978146
235978416
236574189
236574819
236174589
236174859
236978145
236978415
237649851
237649581
237958641
237958461
238576194
238576914
238574619
238574169
238659741
238659471
238675419
238675149
238761495
238761945
238961745
238961475
239576814
239576184
239574618
239574168
239675418
239675148
239857641
239857461
239846751
239846571
239176845
239176485
239175846
239175486
243651798
243651978
243751698
243751968
243768195
243768915
243869715
243869175
245678193
245678913
245879163
245879613
245978316
245978136
246978315
246978135
247658391
247658931
247851693
247851963
248173569
248173659
248675139
248675319
248769351
248769531
249173568
249173658
249576183
249576813
249675138
249675318
249756831
249756381
249361785
249361875
253769814
253769184
253869714
253869174
254769813
254769183
256473189
256473819
256173489
256173849
256978134
256978314
257861394
257861934
257968341
257968431
258476193
258476913
258473169
258473619
258163794
258163974
258176394
258176934
258174396
258174936
258961734
258961374
259473168
259473618
259176834
259176384
259174836
259174386
259178463
259178643
259173468
259173648
259867431
259867341
259348761
259348671
263541798
263541978
263758419
263758149
263741598
263741958
263859417
263859147
264351897
264351987
264938751
264938571
267834591
267834951
268473519
268473159
268574139
268574319
269475183
269475813
269473518
269473158
269574138
269574318
269174835
269174385
269854731
269854371
273456198
273456918
273659184
273659814
273156498
273156948
273158496
273158946
273859146
273859416
273941658
273941568
274568193
274568913
274869153
274869513
274951836
274951386
275364198
275364918
275164398
275164938
275869143
275869413
275941683
275941863
276548391
276548931
276935841
276935481
278456391
278456931
278361594
278361954
279534861
279534681
279861543
279861453
279346851
279346581
283456197
283456917
283541697
283541967
283657419
283657149
283641597
283641957
283759164
283759614
284657319
284657139
284659713
284659173
285467193
285467913
285364197
285364917
285741693
285741963
285167394
285167934
285164397
285164937
285946731
285946371
286751394
286751934
287365194
287365914
287364195
287364915
287349561
287349651
287163549
287163459
287951364
287951634
289475613
289475163
289473516
289473156
289561743
289561473
289574136
289574316
289675134
289675314
289176543
289176453
289173546
289173456
289356741
289356471
293547618
293547168
293548716
293548176
293648517
293648157
293148756
293148576
294657318
294657138
294758316
294758136
295364817
295364187
295768413
295768143
295167384
295167834
295164837
295164387
296751834
296751384
296851734
296851374
296845731
296845371
296153784
296153874
297365814
297365184
297364815
297364185
297163548
297163458
298351764
298351674
298364715
298364175
298167543
298167453
298163547
298163457
321547896
321547986
321648795
321648975
321845697
321845967
321945867
321945687
324176598
324176958
324178596
324178956
324576198
324576918
324879165
324879615
324961758
324961578
325167894
325167984
325678194
325678914
325861497
325861947
325879164
325879614
325961847
325961487
326475198
326475918
326175498
326175948
326178495
326178945
326751894
326751984
326879514
326879154
326948751
326948571
328475196
328475916
328174569
328174659
329475816
329475186
329761485
329761845
329861745
329861475
329178564
329178654
329174568
329174658
312568794
312568974
312678549
312678459
312867594
312867954
312967584
312967854
314276589
314276859
314576289
314576829
314578296
314578926
314679825
314679285
314862597
314862957
314879526
314879256
314962857
314962587
315462897
315462987
315476298
315476928
315276498
315276948
315278496
315278946
315879246
315879426
316475289
316475829
316579824
316579284
316275489
316275849
316879425
316879245
317569842
317569482
317264895
317264985
318457692
318457962
318469752
318469572
318475629
318475269
318762495
318762945
318265794
318265974
318279564
318279654
318967542
318967452
318962745
318962475
319475628
319475268
319576428
319576248
319578624
319578264
319678524
319678254
319275648
319275468
341625798
341625978
341629785
341629875
341725698
341725968
341826597
341826957
341827596
341827956
341926857
341926587
341927856
341927586
342159867
342159687
342658719
342658179
342659817
342659187
342759168
342759618
346528791
346528971
346579812
346579182
346158792
346158972
346925781
346925871
347569821
347569281
347169852
347169582
348967521
348967251
349261785
349261875
349578612
349578162
349678512
349678152
354768129
354768219
354869127
354869217
356478192
356478912
356941782
356941872
357961284
357961824
358641792
358641972
358167492
358167942
358174296
358174926
359248761
359248671
359678412
359678142
364251897
364251987
362548719
362548179
362549817
362549187
362149857
362149587
367951842
367951482
368751492
368751942
368175294
368175924
368174295
368174925
369175284
369175824
369174825
369174285
374152896
374152986
374859261
374859621
374869215
374869125
374826591
374826951
375469812
375469182
375164298
375164928
375264198
375264918
375869214
375869124
376459281
376459821
376158492
376158942
376851294
376851924
372548169
372548619
372549186
372549816
372649158
372649518
378261594
378261954
378154692
378154962
378965241
378965421
379246581
379246851
379842651
379842561
379165842
379165482
384759126
384759216
385164297
385164927
385264197
385264917
385924761
385924671
386951724
386951274
387465129
387465219
387624591
387624951
387145692
387145962
387265194
387265914
387264195
387264915
387249561
387249651
387956241
387956421
387951624
387951264
387941652
387941562
389451762
389451672
389476512
389476152
389256741
389256471
394658127
394658217
395468712
395468172
395146782
395146872
395164827
395164287
395768124
395768214
395264817
395264187
397465128
397465218
397425861
397425681
397568142
397568412
397156482
397156842
397152864
397152684
397265184
397265814
397264185
397264815
398465127
398465217
398467512
398467152
398165724
398165274
398164725
398164275
398251764
398251674
398264715
398264175
423176589
423176859
423561798
423561978
423576189
423576819
423678195
423678915
423761598
423761958
423879516
423879156
425679813
425679183
425879316
425879136
425961837
425961387
426175398
426175938
426375198
426375918
426879135
426879315
427836591
427836951
428576139
428576319
428761395
428761935
428375196
428375916
429176835
429176385
429576138
429576318
429578163
429578613
429651783
429651873
429657831
429657381
429678513
429678153
429856731
429856371
429861735
429861375
429375816
429375186
432167589
432167859
432567189
432567819
432568197
432568917
432769158
432769518
435261897
435261987
435879216
435879126
435926781
435926871
436879125
436879215
437968251
437968521
437961285
437961825
438162795
438162975
438175296
438175926
438576129
438576219
438579162
438579612
438679512
438679152
439156782
439156872
439568721
439568271
439576128
439576218
439867521
439867251
413279586
413279856
413678529
413678259
413962758
413962578
412578369
412578639
412657893
412657983
412678539
412678359
412769853
412769583
412856793
412856973
412863597
412863957
412963857
412963587
415269783
415269873
415276398
415276938
415362897
415362987
415376298
415376928
415968732
415968372
416275389
416275839
416278395
416278935
416375289
416375829
417862395
417862935
417952863
417952683
417962385
417962835
418263795
418263975
418275639
418275369
418567392
418567932
418576239
418576329
418752693
418752963
418357692
418357962
418369752
418369572
418375629
418375269
418962735
418962375
419275638
419275368
419576238
419576328
419678235
419678325
419375628
419375268
453729861
453729681
453769128
453769218
456173289
456173829
456178293
456178923
456273189
456273819
456378192
456378912
456879213
456879123
457823691
457823961
458173269
458173629
458276193
458276913
458273169
458273619
459173268
459173628
459273168
459273618
459623781
459623871
459678132
459678312
459761283
459761823
459861723
459861273
462137895
462137985
467152893
467152983
467853291
467853921
467932581
467932851
468173529
468173259
468179532
468179352
468273519
468273159
469173528
469173258
469275183
469275813
469273518
469273158
473156298
473156928
473659218
473659128
473256198
473256918
475369812
475369182
475831692
475831962
476359281
476359821
476953812
476953182
476923581
476923851
472135896
472135986
478256391
478256931
478961253
478961523
483156297
483156927
483157296
483157926
483659217
483659127
483256197
483256917
485769123
485769213
485267193
485267913
487365129
487365219
489173526
489173256
489576123
489576213
489752631
489752361
489275613
489275163
489273516
489273156
489351762
489351672
489376512
489376152
495368712
495368172
497568312
497568132
497651823
497651283
497365128
497365218
497325861
497325681
498567123
498567213
498751623
498751263
498365127
498365217
498367512
498367152
492615783
492615873
523461798
523461978
523476189
523476819
523176489
523176849
523678149
523678419
523761498
523761948
523861749
523861479
524376198
524376918
524169783
524169873
524176398
524176938
524678139
524678319
524739861
524739681
524861397
524861937
524961738
524961378
521347896
521347986
526179834
526179384
528476139
528476319
528679143
528679413
528769431
528769341
529476138
529476318
529478163
529478613
529678134
529678314
529834761
529834671
532467189
532467819
532468197
532468917
532167489
532167849
534678129
534678219
534961827
534961287
531726894
531726984
536174289
536174829
536274189
536274819
537824691
537824961
537841692
537841962
538476129
538476219
538479162
538479612
538174629
538174269
538761294
538761924
538276194
538276914
538274169
538274619
538967241
538967421
539468721
539468271
539476128
539476218
539167482
539167842
539174628
539174268
539678124
539678214
539624781
539624871
539761824
539761284
539861724
539861274
539276184
539276814
539274168
539274618
541926837
541926387
541927836
541927386
546328791
546328971
546379182
546379812
547369281
547369821
547963182
547963812
548679132
548679312
548723691
548723961
549276183
549276813
549678123
549678213
549378162
549378612
513279486
513279846
513678249
513678429
513679248
513679428
513962748
513962478
514376289
514376829
514378296
514378926
514276389
514276839
514278396
514278936
514678239
514678329
514769382
514769832
514962837
514962387
512478369
512478639
512368794
512368974
512679348
512679438
512863497
512863947
512963847
512963487
512968743
512968473
516379284
516379824
516943782
516943872
517369482
517369842
517864293
517864923
517963284
517963824
517964823
517964283
518467392
518467932
518476239
518476329
518643792
518643972
518679234
518679324
519476238
519476328
519278634
519278364
519376248
519376428
519378264
519378624
563241798
563241978
563741298
563741928
563841729
563841279
563942817
563942187
562148739
562148379
562149837
562149387
562134897
562134987
562348719
562348179
562349817
562349187
567143892
567143982
568173429
568173249
568179432
568179342
568274139
568274319
569274138
569274318
573841269
573841629
573942816
573942186
574169283
574169823
574268193
574268913
576134892
576134982
576248391
576248931
572148369
572148639
572348169
572348619
572349186
572349816
578164392
578164932
578961243
578961423
579234681
579234861
579864231
579864321
583241697
583241967
583942716
583942176
587164329
587164239
587643291
587643921
582613794
582613974
589476123
589476213
589174236
589174326
589261743
589261473
589274136
589274316
593147628
593147268
593148726
593148276
593621784
593621874
593247618
593247168
593248716
593248176
597468312
597468132
597164328
597164238
597368412
597368142
598467123
598467213
598164327
598164237
592814763
592814673
623478195
623478915
623578419
623578149
624578319
624578139
625479813
625479183
625378194
625378914
621348795
621348975
621945837
621945387
627154893
627154983
627934581
627934851
628579413
628579143
628175439
628175349
629451783
629451873
629457831
629457381
629478513
629478153
629578134
629578314
629175438
629175348
632158794
632158974
632741895
632741985
634275189
634275819
634578219
634578129
634175289
634175829
635178294
635178924
631825794
631825974
631925784
631925874
637249581
637249851
637954281
637954821
638479512
638479152
638754291
638754921
638259741
638259471
638275149
638275419
639578124
639578214
639524781
639524871
639175428
639175248
639851742
639851472
639275148
639275418
643251798
643251978
643751298
643751928
643728591
643728951
643851729
643851279
643952817
643952187
642358719
642358179
642359817
642359187
642158739
642158379
642159837
642159387
642831795
642831975
642931785
642931875
645278193
645278913
645179823
645179283
641325798
641325978
641329785
641329875
641725398
641725938
641825739
641825379
641928735
641928375
647258391
647258931
648275139
648275319
648579312
648579132
649275138
649275318
649578213
649578123
649732851
649732581
649378512
649378152
653149782
653149872
652943817
652943187
657842391
657842931
658174239
658174329
658341792
658341972
659423781
659423871
659478132
659478312
659174238
659174328
659378142
659378412
613478529
613478259
613578429
613578249
613579428
613579248
613852794
613852974
613952784
613952874
614379825
614379285
614578329
614578239
614279835
614279385
612457893
612457983
612478539
612478359
612579438
612579348
612378549
612378459
618543792
618543972
618579324
618579234
619478235
619478325
619278534
619278354
619378524
619378254
673459218
673459128
673259814
673259184
673842195
673842915
673845192
673845912
673942158
673942518
674135892
674135982
674951238
674951328
675841392
675841932
675941832
675941382
672148359
672148539
672349518
672349158
672935184
672935814
672934815
672934185
683459217
683459127
683159724
683159274
683741529
683741259
683257149
683257419
683241597
683241957
683942157
683942517
683945712
683945172
684257139
684257319
684259713
684259173
685142793
685142973
685943721
685943271
687543291
687543921
687143592
687143952
687324591
687324951
687953142
687953412
687952143
687952413
682513794
682513974
689175234
689175324
689275134
689275314
693521784
693521874
693148527
693148257
693248157
693248517
694358127
694358217
694257138
694257318
695743821
695743281
697451823
697451283
697851324
697851234
698152743
698152473
698751423
698751243
698742531
698742351
692415783
692415873
723461598
723461958
723561498
723561948
723851694
723851964
723951684
723951864
724539861
724539681
724168593
724168953
724861539
724861359
725861349
725861439
725963184
725963814
726351894
726351984
721945368
721945638
728461395
728461935
728569341
728569431
728165493
728165943
729163854
729163584
729361845
729361485
732469158
732469518
732641895
732641985
732168459
732168549
734158692
734158962
734856291
734856921
734861529
734861259
734965182
734965812
734962185
734962815
735169482
735169842
735862194
735862914
735864192
735864912
735941682
735941862
736145892
736145982
731526894
731526984
738561294
738561924
738654291
738654921
738261495
738261945
738951642
738951462
738962154
738962514
739561824
739561284
739861425
739861245
743251698
743251968
743268195
743268915
743651298
743651928
743628591
743628951
743169285
743169825
743852196
743852916
743956182
743956812
743952168
743952618
743926851
743926581
742359168
742359618
742159368
742159638
745961328
745961238
746851392
746851932
746951382
746951832
741625398
741625938
741325698
741325968
741926358
741926538
741928365
741928635
748269351
748269531
748523691
748523961
748963152
748963512
748962153
748962513
749256831
749256381
749632851
749632581
749165832
749165382
749861235
749861325
753429861
753429681
753469128
753469218
753269184
753269814
753946821
753946281
754368129
754368219
754269183
754269813
754136892
754136982
752843196
752843916
752943168
752943618
758962143
758962413
758963142
758963412
759461283
759461823
759861234
759861324
763541298
763541928
763258149
763258419
763241598
763241958
763842159
763842519
764851239
764851329
764952138
764952318
764958231
764958321
762149538
762149358
762835194
762835914
762834195
762834915
762934158
762934518
768351492
768351942
713856492
713856942
713862549
713862459
713965284
713965824
713964285
713964825
714569832
714569382
714256893
714256983
714863295
714863925
714962538
714962358
714968532
714968352
715843692
715843962
715962348
715962438
712469853
712469583
712963548
712963458
718452693
718452963
718362495
718362945
718963254
718963524
718964253
718964523
719862435
719862345
783641529
783641259
783142596
783142956
783259164
783259614
784359126
784359216
785469123
785469213
785241693
785241963
785932641
785932461
786251394
786251934
786952134
786952314
789452631
789452361
789163452
789163542
794158326
794158236
794258136
794258316
795368124
795368214
795643821
795643281
795168423
795168243
795268143
795268413
796853142
796853412
796852143
796852413
796251384
796251834
798451623
798451263
798651423
798651243
798642351
798642531
798152463
798152643
823479516
823479156
823561749
823561479
823751694
823751964
823179546
823179456
824379165
824379615
824561397
824561937
824761359
824761539
824179365
824179635
824963715
824963175
825479316
825479136
825361497
825361947
825379164
825379614
825761439
825761349
825963714
825963174
825964713
825964173
826479135
826479315
826379514
826379154
826179534
826179354
827436591
827436951
827963514
827963154
821345697
821345967
821946357
821946537
821947635
821947365
829456731
829456371
829461735
829461375
829534761
829534671
829361745
829361475
832169457
832169547
832954716
832954176
834261597
834261957
834756291
834756921
834761259
834761529
834965712
834965172
834962157
834962517
835479216
835479126
835762194
835762914
835764192
835764912
835176249
835176429
835179264
835179624
835962147
835962417
836479125
836479215
836954721
836954271
837541692
837541962
837524691
837524961
837962145
837962415
837964152
837964512
831625794
831625974
839467521
839467251
839561724
839561274
839651742
839651472
839761425
839761245
839162754
839162574
839257641
839257461
839246751
839246571
843269715
843269175
843651729
843651279
843752196
843752916
843152697
843152967
843169725
843169275
843956712
843956172
842631795
842631975
845279163
845279613
845167392
845167932
845176329
845176239
845962137
845962317
846751392
846751932
846179523
846179253
847251693
847251963
847962315
847962135
841625739
841625379
841326597
841326957
841327596
841327956
849761235
849761325
849153762
849153672
853269714
853269174
853167249
853167429
854369127
854369217
854167239
854167329
852743196
852743916
852143697
852143967
852946713
852946173
856479213
856479123
857423691
857423961
857261394
857261934
857642391
857642931
857962314
857962134
859461723
859461273
859267431
859267341
859761234
859761324
859164732
859164372
863541729
863541279
863259147
863259417
863742519
863742159
863159427
863159247
863142597
863142957
864751329
864751239
864953127
864953217
865941732
865941372
862735194
862735914
862734195
862734915
862935147
862935417
867453291
867453921
867234591
867234951
867952341
867952431
869254731
869254371
873541269
873541629
873645192
873645912
873642195
873642915
873259416
873259146
873159246
873159426
873946152
873946512
874359261
874359621
874369215
874369125
874326591
874326951
874269153
874269513
874953216
874953126
875431692
875431962
875369214
875369124
875641392
875641932
875269413
875269143
875169243
875169423
875943261
875943621
876351294
876351924
876953214
876953124
876954132
876954312
872134596
872134956
872936514
872936154
872935146
872935416
879564231
879564321
879261453
879261543
879342651
879342561
813652794
813652974
813756492
813756942
813762459
813762549
813965724
813965274
813964725
813964275
814362597
814362957
814379526
814379256
814763295
814763925
814279536
814279356
814963257
814963527
815379426
815379246
815743692
815743962
815267493
815267943
815279346
815279436
815963247
815963427
816379245
816379425
816254793
816254973
816279435
816279345
817462395
817462935
817564293
817564923
817963245
817963425
812456793
812456973
812463597
812463957
812563497
812563947
812367594
812367954
812954763
812954673
812964357
812964537
819762435
819762345
819263754
819263574
894135762
894135672
896753412
896753142
896752413
896752143
896251734
896251374
896245731
896245371
897651324
897651234
897154362
897154632
892514763
892514673
923751864
923751684
924361758
924361578
924561738
924561378
924863715
924863175
925461837
925461387
925361847
925361487
925763814
925763184
925863714
925863174
925864713
925864173
926348751
926348571
927634581
927634851
927863514
927863154
927165843
927165483
928163754
928163574
921645837
921645387
921745638
921745368
921846537
921846357
921847635
921847365
921345867
921345687
932854716
932854176
934261857
934261587
934278516
934278156
934561827
934561287
934765812
934765182
934762815
934762185
934865712
934865172
934862517
934862157
934157682
934157862
934178526
934178256
935426781
935426871
935278416
935278146
935741862
935741682
935862417
935862147
935178246
935178426
936278415
936278145
936854721
936854271
936178245
936178425
937468251
937468521
937461285
937461825
937654281
937654821
937258461
937258641
937862415
937862145
937864512
937864152
938567421
938567241
938751462
938751642
938762514
938762154
938261745
938261475
938154762
938154672
931625784
931625874
943652817
943652187
943756812
943756182
943752618
943752168
943726581
943726851
943856712
943856172
943152867
943152687
942631785
942631875
945278316
945278136
945761238
945761328
945862317
945862137
945167382
945167832
945178326
945178236
946278315
946278135
946325781
946325871
946751832
946751382
946178325
946178235
947563812
947563182
947862315
947862135
948762513
948762153
948763512
948763152
948367521
948367251
948165732
948165372
941526837
941526387
941527836
941527386
941628735
941628375
941726538
941726358
941728635
941728365
941326857
941326587
941327856
941327586
953746281
953746821
954168237
954168327
952643817
952643187
952743618
952743168
952846713
952846173
952143867
952143687
956278314
956278134
956341782
956341872
956178234
956178324
957268341
957268431
957361824
957361284
957862314
957862134
958261734
958261374
958762413
958762143
958763412
958763142
963542817
963542187
963142857
963142587
964238751
964238571
964752318
964752138
964758321
964758231
964853217
964853127
965841732
965841372
965142783
965142873
962734518
962734158
962835417
962835147
967432581
967432851
967351482
967351842
967852341
967852431
973542816
973542186
973642518
973642158
973241568
973241658
973846512
973846152
974651238
974651328
974251386
974251836
974853216
974853126
975641832
975641382
975241863
975241683
975843261
975843621
976453812
976453182
976423581
976423851
976235481
976235841
976853214
976853124
976854312
976854132
976152384
976152834
972634815
972634185
972635814
972635184
972836514
972836154
972835416
972835146
972134586
972134856
978461253
978461523
978561243
978561423
978365241
978365421
983542716
983542176
983645712
983645172
983642517
983642157
983142756
983142576
985324761
985324671
985643721
985643271
985732461
985732641
985246731
985246371
986351724
986351274
986752314
986752134
987653412
987653142
987652413
987652143
987356421
987356241
987351264
987351624
987341562
987341652
987251364
987251634
913462758
913462578
913562748
913562478
913652784
913652874
913765824
913765284
913764825
913764285
913865724
913865274
913864725
913864275
914362857
914362587
914562837
914562387
914768352
914768532
914762358
914762538
914863527
914863257
915468732
915468372
915762438
915762348
915863427
915863247
916543782
916543872
917452863
917452683
917462385
917462835
917564823
917564283
917563824
917563284
917863425
917863245
918462735
918462375
918764523
918764253
918763524
918763254
918367542
918367452
918362745
918362475
918265743
918265473
912463857
912463587
912568743
912568473
912563847
912563487
912763458
912763548
912854763
912854673
912864537
912864357
912367584
912367854
